28
29
30
292
229
297
264
181
201
203
204
366
460
262
263
444
217
219
518
313
72
589
593
295
341
618
239
238
526
603
213
537
387
344
207
496
497
793
794
303
427
431
433
435
438
796
202
790
777
594
828
830
61
142
653
788
493
840
306
428
418
836
975
913
1001
660
781
802
553
554
910
974
1006
1009
1050
834
779
211
1105
1112
1085
1109
1084
810
831
850
858
919
922
1218
1219
1220
1158
1222
733
734
1233
965
1040
1038
1039
1037
1253
2
1252
1254
4
5
6
9
10
11
12
13
14
15
16
17
18
19
20
21
24
26
27
32
33
34
35
36
40
42
43
44
45
105
47
49
50
51
52
53
54
55
56
62
67
68
69
70
71
74
75
78
80
81
83
84
85
86
87
88
89
90
1097
91
92
96
175
118
128
129
157
182
218
235
307
712
714
894
557
718
914
896
1077
1078
1096
551
541
1310
984
1313
651
842
552
970
838
615
701
1188
1075
1353
1187
690
1354
614
550
549
542
465
832
833
837
839
1417
1416
1041
1042
872
1046
1189
1221
898
899
645
504
1351
1045
1431
515
1433
844
1217
1211
841
1395
1444
1120
1074
947
1205
1317
1448
1446
1455
1453
1058
1059
1064
1065
843
592
302
1466
1002
1477
1478
404
1483
1476
785
1491
1493
1490
1501
1415
998
995
996
1005
1350
1346
1325
1330
997
1499
1367
1368
300
652
1244
1245
1125
1130
646
1519
1520
1445
1063
1144
1523
991
1270
604
1195
1196
1522
1555
1553
1584
1480
971
648
1030
1590
1518
1583
1083
1029
1031
1591
1596
1378
1345
1206
1598
1247
216
1225
959
1049
990
1003
782
1081
547
598
1160
1088
1344
1216
1606
1234
1235
962
1230
1231
1319
1602
1511
1512
1475
1202
988
1610
1311
1612
1035
1447
1630
1616
1366
1613
1117
1306
1043
1044
1036
1663
706
538
1442
1209
1439
1373
1673
1352
1675
1365
1676
513
1636
1678
1600
1679
1680
1318
1681
1682
1185
1147
1427
1683
1242
1686
1428
1186
1687
1066
1067
1068
1069
1690
1028
1691
1070
1071
1418
1692
1092
1693
1472
1637
1638
978
1343
1505
1697
1123
1699
1703
1705
1243
1708
977
1712
1711
1713
1714
1715
1300
1723
1724
1371
1372
1374
1377
1379
1375
1022
1704
1709
1023
1025
1323
1484
1471
1061
1062
1479
1402
1698
1741
1742
1609
1364
772
1743
671
1726
1744
1190
1542
1506
1507
907
1504
1702
770
1241
1749
1751
1057
1370
540
1510
1246
915
916
1082
1769
1492
1770
1771
1772
1101
1716
1725
1701
1775
1521
1204
1467
1113
1248
1778
1208
1780
1207
1674
986
1283
1795
1108
1776
1797
1664
1665
1666
1798
1239
1799
1391
1721
1720
1816
1815
1286
1020
1668
1633
1818
1819
1672
1139
1508
1747
1585
1413
1821
1826
1827
1828
1774
1829
1834
1099
1121
1316
1397
1615
1098
1102
1839
1841
1685
1126
1497
1474
825
1844
1846
1845
1847
1849
1611
1614
1237
1341
1324
1863
1864
1866
1867
1868
1869
1872
1331
1334
1876
1877
1875
1495
1340
1881
1882
1884
1885
1398
1339
1892
1896
1897
1617
1623
1898
1621
1707
1119
1807
1900
1004
1848
1911
1912
1326
1648
1914
1122
1588
876
1917
1118
1093
1918
1916
1920
1461
1859
1362
1387
1941
1942
1392
1910
1494
1137
1443
1390
1943
1502
1530
1561
1135
1132
1946
1745
1945
1953
1730
1954
1148
1150
1153
1746
1773
1957
1389
1958
1948
1949
1960
1966
1969
1019
1473
1970
374
1975
1634
1976
1977
1978
1979
1982
1984
1607
1889
1936
1986
1987
1878
1993
1110
1429
1560
1779
1603
1604
1781
2001
2002
1529
1333
2005
1870
2006
1722
1541
1572
1840
1843
1871
2012
1401
1414
2014
1369
1850
1468
2035
2036
2037
2038
2015
1981
2007
1212
1460
698
1635
1589
2051
2053
1595
2055
1000
2056
2027
2058
1361
1753
2068
2067
1411
1888
2074
2078
2034
1985
1947
2083
1739
2085
1956
2057
1832
2098
1836
2059
2061
1262
2099
2102
1764
1768
1408
2119
2120
1865
1930
2129
2066
1463
2033
2144
2118
2145
1761
1695
1854
1887
1855
2151
2152
2131
2146
2147
1760
1842
1089
1998
2170
2177
1556
1586
2132
2133
2166
2167
2175
2176
2164
1689
2049
2134
1462
2050
2180
2181
1932
1999
2199
1758
1990
2148
2008
2009
2201
2016
2212
2047
2045
2042
2227
2041
1893
1894
1895
1750
2249
1890
2029
179
2251
2267
2225
2268
2270
2271
2266
2048
1925
2277
879
1759
1952
1360
1631
1879
2278
1767
2285
2284
2286
1355
2288
1974
2279
2011
2013
1913
2283
2032
2293
2287
1738
1880
1804
2296
2297
1973
2202
2301
2235
2135
2305
1924
1926
2306
1528
1537
1545
1546
1559
1576
1577
2155
2308
1988
1470
2336
2025
1536
1543
1548
1568
1575
1547
1578
1579
2300
1933
2363
1782
1929
2366
2367
2370
2149
2150
2383
1931
2334
1757
1824
2422
2423
2424
2426
2143
2421
1955
1385
1619
2438
1752
1874
1835
2447
2084
1951
1622
1784
1626
2003
1386
2259
2263
1806
2461
2444
2260
2264
2462
1903
2465
2466
2467
2274
2265
2476
2481
2482
2483
2443
2445
1825
1632
2474
2484
2485
1853
2064
2103
2117
1991
1922
1923
1706
2488
2137
2489
1380
2130
2491
2492
1994
2495
1823
2255
2498
1762
1763
2501
2502
2123
2505
2504
2030
2138
2506
1965
1581
2513
2458
2092
1733
2070
2516
2460
1901
1902
1996
1997
2420
2069
2518
2517
1566
2071
2072
1873
1620
1558
2031
1904
1905
1906
2512
2524
2525
1407
2529
2090
2531
2089
2105
2533
2172
2046
2550
2527
2558
1808
2557
1809
2081
2257
2486
2258
2262
1995
1968
2122
1803
1574
1805
2563
2496
2173
1737
2096
1735
2094
2252
2570
2574
2100
2101
2463
2307
2469
2254
2075
2591
2592
2295
2280
2526
2595
2596
1972
2603
2459
1927
2606
2594
2609
697
2607
2608
2165
2464
2026
1967
2490
2503
2315
2044
1899
2623
2162
2605
2256
2337
2124
2530
2159
2298
2640
2561
2646
2590
2189
2649
2384
1831
2654
2514
2658
2191
2190
1886
2163
2669
2668
2670
1971
2507
2690
2691
2692
2694
2696
2693
2446
2707
2200
2428
702
2475
2732
2738
1143
2192
2742
2740
2751
2752
2333
2160
2077
2528
2755
2429
2302
2303
2435
2666
2667
2304
2125
2759
2704
2760
1538
1531
2174
2761
2332
2763
1535
1540
1552
2788
2791
2792
2477
2430
2794
2387
2731
1532
2578
2473
2519
2520
2555
2811
2195
1409
2194
1550
2534
2610
2823
2442
2824
2571
2804
1754
1755
1756
2593
1527
2834
2833
2193
2153
2835
2197
2198
2708
2709
1151
2182
2183
2184
1152
2758
2185
2187
2186
2598
2076
2847
2472
2850
2849
2468
2753
2853
2852
2577
2179
2602
2157
2156
2855
2856
2436
1410
1732
2787
2082
2457
2493
2665
2858
2427
2572
2861
2862
2846
2859
2196
2470
2865
2587
2497
2848
2567
2584
2866
2754
2494
2867
2806
2868
2869
2479
2452
2870
2871
2872
2723
2434
2627
2362
2659
2660
2552
2549
2890
2548
2892
2121
2893
2601
2454
2896
2905
2906
2188
2898
2911
2453
2663
2664
2253
2912
2560
1628
2340
2392
2909
2671
2674
2600
2718
2741
2915
2662
2573
2916
2757
2310
2917
2910
2712
2926
2714
2713
2178
2894
2895
2589
2946
2947
2948
2686
2698
2689
2932
2612
2311
2312
2949
2309
2950
2913
2455
400
2919
2329
2386
2955
2953
2719
2979
2451
2984
2957
2985
2987
2672
2676
2796
2994
2995
2568
3006
2701
2699
2702
2703
3007
3011
3012
2793
2551
2546
2914
3015
2716
2951
2717
2456
3016
3023
2341
2391
2393
2765
2559
2766
3027
3026
2854
2613
2564
2790
3031
3033
3034
3035
2244
2515
2687
2710
3036
2836
2744
2745
2826
2620
2615
2621
3022
3046
2954
2729
2770
2982
2983
2449
3048
2619
3050
2980
2981
2673
2678
2827
2675
2679
3049
3051
3052
3053
3062
2544
3064
2539
2540
2541
2553
2554
2556
2784
3076
2748
2586
2838
2828
3079
3063
2545
3080
3087
2822
2747
2547
3088
2536
2537
2538
3089
2543
1944
2439
2743
2330
2388
2339
3097
3101
2746
3102
2004
3103
2657
2739
2798
3104
2650
2720
2730
2779
2778
2780
3108
2323
2348
2352
2354
2358
2359
2377
2400
2406
2408
2825
3111
3112
2411
2404
2617
3120
2795
2410
3099
3125
2356
3126
2409
2357
2661
2924
2585
2091
3148
3150
2651
2652
2697
2700
3161
2580
3162
3160
2317
2616
3174
3024
3183
1627
3188
3190
3196
3197
2440
2381
2371
2864
3113
2535
3230
2390
3231
3241
3265
2781
2542
3154
3156
2644
2645
2771
2681
3267
3268
3269
2775
2581
2782
2777
3274
3278
3279
3284
3285
3217
2728
2837
3299
2783
2724
2721
3323
3324
2785
3325
3326
2599
3328
2320
2374
3191
2126
2818
2365
3344
3151
3152
3153
3043
3109
3348
2319
3218
2373
2636
2634
3349
3350
2633
2642
2635
3351
3352
3353
2318
2372
3355
2952
2726
1141
2347
2353
2399
2405
2922
2841
2844
2884
2876
2978
2882
3367
2881
2842
3037
3368
3371
3372
3373
1140
3379
2819
2579
3322
3315
2813
2814
3381
3061
3078
2839
2127
2331
2389
3386
3397
2683
3147
3358
3005
3401
3310
3086
2073
3411
2989
3412
3172
3184
3071
2840
2999
3003
3166
3001
2997
2324
2378
2808
2921
2376
2322
3419
3420
3421
3198
3192
3362
2992
2346
2398
2918
2628
2682
3072
2325
2379
3428
3429
2655
3185
3427
3311
2883
2680
2684
2093
2095
3030
3029
3186
3187
3271
2361
2413
2128
2875
2879
3010
2656
3297
3298
3304
3305
3443
3444
3200
3445
3083
3473
3009
3073
3312
3357
3193
3114
3115
2923
2776
3370
3116
3117
3354
3070
3484
3194
3195
3041
3380
2877
2880
3130
3204
3205
3261
3492
3119
3216
2817
2774
3498
3499
3075
2815
3286
3414
3416
3369
3501
3504
3446
3068
3069
3028
3045
3249
3129
3522
3327
2873
2874
3528
3106
3159
2941
2942
3008
3535
3405
3538
3539
2088
3173
3227
3107
2961
2959
3291
3409
3170
3244
3250
3359
3032
3127
3531
3495
3549
3287
3038
2816
2327
2369
3584
3585
3493
2935
3413
3587
3391
1734
1736
3592
2933
3164
3167
2934
2936
3583
3134
2821
3176
3275
3596
3042
3067
3415
3215
3505
2967
2970
3597
3254
3066
2769
3002
3316
2938
2768
2939
3329
3356
3600
3346
3347
3360
3601
3313
3263
3264
3602
3603
3365
3605
3004
3253
3255
3607
3608
2722
2797
3302
2972
3589
3591
3136
3137
3138
3139
3266
2509
3613
3366
3363
3614
3615
3616
3617
3262
3399
3630
3222
3256
2832
3639
2812
3364
3609
3642
3643
3447
3451
3569
3644
3290
3345
3199
3178
3646
2998
2996
3666
3308
3221
3223
3398
3294
3301
2772
3179
3245
3055
3057
3693
3695
3487
3697
2975
3314
2988
3383
3702
3448
3175
3207
3532
3226
3725
3219
3220
3497
3303
3296
3726
3208
3727
2968
3295
3056
3059
3135
3745
3403
3404
3385
3384
3751
3750
3744
3213
3534
3540
3536
2831
3701
3759
3418
3760
3743
3387
3389
3388
3390
3488
3201
3463
3343
3756
3763
3563
3470
3468
3464
3467
3309
3766
3770
3564
3771
2316
3225
3224
3258
3257
3781
3782
3289
3288
3491
2962
3783
3558
2800
3789
3788
2767
3651
3653
3212
3784
3496
3503
3432
3794
3707
3713
3714
3452
3570
3458
3466
3765
3795
3796
3797
3798
3435
3440
3342
3340
3799
3716
3547
3548
3565
3820
3622
3821
3588
3590
2964
2963
3818
3252
3277
3764
3817
3828
3829
3142
3143
3141
3633
3837
3393
3641
3133
3857
3140
3132
3621
3131
3475
3579
3457
3575
3844
3858
3859
3875
3251
2773
3459
3577
3281
3149
3210
3698
3815
3920
3490
3618
3524
3724
3336
3282
3966
3778
3331
3861
3619
2810
3842
3813
3971
3972
3973
3502
3974
3625
3677
3967
3723
3333
3485
3801
3999
3998
3816
3703
3632
4007
2965
2976
3450
3568
3620
3209
4009
3214
3395
3394
3442
4016
4006
3854
3649
3655
3659
3852
3243
3650
3676
3624
3853
3846
3847
3862
3871
3872
3678
3553
3335
3780
4022
4021
3506
3843
4041
4042
4050
4051
3242
3610
3551
3202
2956
3868
3851
4079
3339
3341
4093
4094
2990
3280
4099
3663
3787
4038
4096
3635
3881
3757
3690
4043
4052
3526
3527
3686
3880
3717
3718
3976
3977
3802
3332
3594
3334
2807
3773
4159
4179
3885
3774
3878
4180
3980
3978
3692
3626
3699
3330
3814
3755
3812
4005
4301
3752
3687
4060
4065
4064
3664
4304
4306
3840
4303
3830
4307
4308
3803
3779
4305
4000
4204
3887
4015
4113
4156
4209
3739
3819
4311
4312
3777
4200
3523
3775
4157
3728
3000
3729
3732
3740
4201
3870
4114
4330
3808
3841
4196
4117
4119
4120
4178
4123
4202
4362
3877
4382
4300
4381
4083
4088
4089
3888
3652
4383
4384
4385
4002
4014
4001
4198
3886
3805
3806
3807
2993
3283
3991
3989
3993
3918
4309
3785
4388
4186
4389
4391
3811
3987
4066
4067
4095
4097
3433
4414
4420
3988
3436
4374
4421
3437
3465
3560
4395
3449
4192
3562
3454
3572
3472
4443
3824
3895
3938
3648
3734
4457
3869
3669
3673
4458
4445
3804
4463
3688
4177
4467
3917
3984
4468
4469
3890
4184
4481
3776
4483
4171
3901
3907
4499
3884
3670
3674
4506
4235
3825
3891
4013
4012
3985
4329
4548
4549
4550
3934
3964
3959
4227
4269
3893
3937
4411
4413
4078
4551
4552
4553
4111
4554
4110
4158
4541
4122
4070
3555
4581
4076
4045
4116
4183
4208
4069
4190
4256
4315
4316
4347
4598
4603
3899
3942
4239
4281
4090
4507
4511
4092
4517
4540
4246
4288
4242
4284
4121
4606
3574
4136
4607
4091
4544
4621
4112
4605
4476
4608
4361
4652
4647
4653
4484
4055
4282
4240
4679
4068
4681
4365
4543
3571
3896
3939
3992
4019
3438
4602
4696
4698
4118
4071
4082
4105
4697
4702
4703
4704
4707
4063
4710
4654
4670
4104
4708
4584
4589
4174
4073
4074
3900
4106
4727
3557
3905
3948
4245
4287
4686
3933
4231
4273
4310
4339
4728
4081
4340
4031
4683
4684
4508
4695
4734
4735
4115
4366
4030
4029
4737
4738
4373
3897
3940
4236
4278
4133
4360
4359
4682
4425
3823
3889
4386
3681
4314
4757
4674
4504
4173
4516
3921
3922
4220
4221
4223
4259
4263
4444
4557
4320
4321
4324
4357
4781
4505
4786
4162
4163
4165
4166
3990
4558
4161
4358
4350
4341
3963
4260
4556
4807
3996
4436
4442
4809
4810
4191
4424
4845
4846
3924
4226
4265
4268
4322
4323
4325
3578
4852
4502
4503
4353
3667
4225
4232
4274
4580
4855
4512
4513
4854
4861
3912
3935
4262
4858
4864
4440
3567
4137
3943
4651
4869
4175
4176
4650
4352
4485
4701
4160
4865
4866
4578
4579
4627
3903
3946
4140
4243
4285
4634
4354
4877
4364
4327
3902
3945
4139
4337
4878
4883
4563
3926
4687
4884
4885
4601
3906
3949
4143
4318
4889
4249
4291
4244
4266
4286
4890
4224
4332
3925
3932
3961
4258
4298
4649
4155
4148
4251
4293
4248
3910
4292
4149
4252
4147
4614
4349
4643
4294
4441
4896
4250
4594
4595
4596
4597
3983
4523
4574
4899
4290
4453
4451
3962
4207
4206
4335
4881
4891
4429
4477
4700
4767
4785
4430
3923
4452
4264
4222
4446
4718
4326
4931
4475
4966
4967
4914
4982
4983
4456
4561
5003
4753
5004
4403
4839
4449
4844
4394
4874
4623
3916
5008
5007
4837
4345
5024
5025
5026
3944
3950
4138
4144
4632
4638
4570
4744
4509
4515
4692
4835
4726
4363
5056
4824
4717
5068
5070
5081
5082
4529
4450
4841
4842
4856
3894
4130
5085
5086
4875
4876
4969
4830
4863
3836
4624
4611
4615
4613
4612
4712
4495
4496
4372
5093
4370
4567
4568
4490
4834
4610
4253
4295
3913
4150
4616
4644
4641
4642
4831
4862
4823
5114
4267
5115
4825
3936
3654
3658
3768
4216
4667
4826
4827
5116
3441
4461
4214
5117
3927
4492
3919
4572
3767
3892
4609
4620
4497
5122
4053
5123
4566
4565
4569
4591
4592
4129
3931
4215
5124
4447
4739
4832
5125
4761
5126
5127
5145
5146
4847
4848
4564
4454
3439
4833
4758
5147
4849
5001
4850
3953
4968
4218
5148
5154
3929
4618
5161
5153
5163
4860
4277
4132
4626
4943
4390
5172
5002
5028
5176
5177
4344
5142
4719
5160
5167
5183
4455
4948
5191
5194
4974
4975
5178
4934
4916
5196
4478
3911
4371
5197
4817
4818
4819
4840
4829
4843
5138
4851
5166
3706
5235
5236
5238
5066
5067
4814
4815
4816
5239
5210
4942
4233
4275
4892
4822
5246
5253
4895
4328
3407
5211
4498
4898
5266
5254
5267
5271
4996
4821
4755
4756
5275
5221
4915
4659
4668
5092
5286
5133
5136
5143
4587
4491
3517
5132
5139
5242
4493
4772
4521
5315
4234
4276
4699
5040
4951
4763
5318
5317
4392
5042
4488
4593
4494
4522
4953
5041
5321
5323
5324
4989
4957
5311
4489
4486
3518
5331
5332
4886
5090
5335
4971
5334
4255
4297
5336
3769
5330
5129
4766
4939
4938
5338
5337
5340
5075
5074
5076
4978
5055
5151
5152
5078
5077
4859
5079
5344
5181
5144
5091
5319
5303
4820
5202
5350
4237
4279
4662
4658
5352
4910
4918
4919
4771
5353
5354
5052
5355
5356
5320
4922
4940
5358
5359
5101
5102
5103
5104
5106
5107
5366
4375
4765
4955
4917
4950
4941
5059
4759
4813
4663
5361
5009
5269
5205
4961
5038
4937
5381
5382
4935
5159
5398
5187
5048
5155
5058
5401
4956
5402
5179
5180
5150
5390
5380
5362
5363
5365
5265
4954
5410
5411
4524
5174
5264
4046
4047
5263
5288
5287
5245
4930
5416
5417
5425
5423
4195
5424
4219
4261
5434
5435
4230
4272
5436
5437
4911
5422
5262
5364
5438
5439
5290
5440
4912
5445
5446
5447
4241
4247
4283
4289
5037
4900
5450
5367
5374
5285
5293
5451
5452
5314
5379
5463
5135
5134
5473
5474
5477
4194
4988
5476
4127
5404
5433
5168
4986
4987
5429
5430
4193
5513
5511
4217
4213
4228
5530
5531
5206
5207
5108
5360
5539
5540
5542
5546
5545
4480
5170
5171
5549
4779
4212
5468
4479
5570
5572
5573
5594
5595
5420
4949
4936
4049
5097
5098
5099
5100
5096
5113
4980
5111
5112
5182
5105
5627
5208
5209
4993
5632
5635
5636
5460
5703
5704
4678
5682
5726
5725
5727
5284
5728
5729
5730
4778
5466
5756
5514
5244
5308
5407
5393
4976
4977
4995
5764
5765
5227
5230
5231
5229
5768
5415
5309
5781
4997
5467
5780
3515
5419
5785
4998
5316
5519
5795
4044
5605
5796
5787
5384
5801
4533
5809
5810
4768
4752
4754
5464
5558
5442
3516
5500
5280
5841
4655
4660
4664
5524
4805
5213
5232
5225
5488
5495
5487
5494
5394
5845
5396
5459
5846
5444
3656
4035
5808
5243
5847
5759
5760
5761
5848
5241
5851
5386
5449
4806
5811
5383
5708
5709
5261
5345
5369
5854
5458
5604
5758
5757
5712
5713
5855
5718
5719
4525
5175
4531
5850
5861
5490
5877
5602
5880
5879
5508
5525
5493
4661
4666
4770
4657
5157
5158
3994
5702
5616
5240
5260
5895
5395
5856
5385
5623
5412
5313
5622
5541
5914
5915
5917
4061
5432
5426
5918
5831
5832
5701
5618
5626
5641
5642
5518
5671
5657
5934
5935
5515
5633
5634
5937
5884
5659
5629
5461
5579
5617
5939
5592
5593
5778
5674
5683
5673
5740
5946
5706
5714
5499
5941
5966
4034
5256
5257
5597
5779
5482
5971
5968
5969
5970
5585
5586
5979
5987
4376
5988
4033
5989
5973
5821
5885
5886
4532
5688
5883
4909
5596
5997
5479
5480
5550
5998
5999
5587
5588
5589
5767
5620
6004
6005
5580
5741
6009
5527
5528
5505
5506
5502
5548
5621
6028
6030
6031
5681
5610
5510
5512
6002
6020
6050
6051
5522
5698
5536
5649
5652
5584
5745
6053
5521
5523
5053
5825
5826
6057
6059
5750
6060
5648
5650
6061
6063
6064
5351
6065
5653
6084
5507
5656
5563
5733
5564
5716
5658
5692
6086
6087
5496
5840
5619
5664
5665
5666
6102
5734
5654
6108
5598
5599
5824
5762
5501
5891
6109
5537
5699
6110
5628
5577
5624
5902
5498
5534
5294
6122
5926
5296
5219
5220
5226
5538
5700
6113
4923
6154
6134
6140
5901
5535
5892
5981
6168
6169
5890
5672
6123
5576
5578
5738
5739
5916
5889
6180
5607
5609
5747
5749
5608
5748
5982
5842
5613
5614
5911
6188
5368
5297
5965
5582
5581
6158
5802
5661
5662
5663
6001
5900
5792
5793
5565
6223
5735
5532
5694
6231
6235
5212
5876
5875
5983
5984
5985
5896
6241
6234
6187
6233
6222
5169
6178
5921
6243
6082
6083
6174
6141
6103
4981
4991
4994
5742
5743
5667
6247
6248
6249
6250
6012
6156
6116
6036
6179
5744
4999
6258
5685
6171
6262
6261
5944
6242
6264
6173
6265
6037
5945
6272
5687
6236
5638
5669
5943
5670
6038
6299
5441
5691
6183
5790
5791
6151
5678
6199
6246
6244
6252
6253
5080
5813
6308
6314
6315
6312
6322
6323
6196
6149
6330
5679
5820
6203
5962
6237
5931
5932
5660
5929
4518
5677
5928
6360
6328
6371
6010
6011
6320
5697
5963
6126
6394
6396
6395
6256
6257
6398
6399
6267
6210
5927
6401
6403
6409
5980
6345
6344
6419
6032
6157
5953
5428
6081
6152
6368
6428
5930
5950
5952
5951
6431
6439
6143
6139
5955
5680
6192
6195
6305
6194
6448
3708
3709
3710
3711
6406
6407
6437
6438
6324
6104
6076
4519
6340
6349
5898
3668
6467
6202
6309
6041
5919
6469
5986
5920
6478
6035
6211
6391
6212
6213
6214
6215
6358
6226
5789
5788
6238
6049
6159
6488
6413
6359
6338
6128
6492
5956
6495
6494
6367
6402
6497
6094
6227
6135
6485
6505
5894
6346
6347
6232
6511
6207
6127
6517
6339
6294
6513
6373
5899
3704
6287
6372
6130
6331
6333
6088
6528
6326
6530
6509
6510
6449
6475
6545
5961
5958
5959
6480
6544
6380
6133
6073
6548
6549
6255
6288
6296
5865
6306
6586
3680
5870
6589
6216
6217
6145
6297
6298
6411
6332
6201
6516
6334
5869
6295
6604
6370
6606
6613
5949
6629
5828
6090
6125
6341
6636
6521
6055
6522
6355
6356
6644
6649
5904
6650
6643
6054
6527
6410
6378
6654
6663
5905
5909
5908
6696
6692
6693
6694
6045
6697
6043
5907
6720
6648
6343
6292
6289
6044
6351
6728
6599
6374
6702
6703
6704
6705
6706
6707
6423
6646
6647
6722
6754
6098
5836
5837
6099
5838
6100
6763
6417
6418
6335
6276
6452
6342
6352
6336
6767
6770
6721
6357
6772
6275
6639
6618
5827
6089
6293
6499
6503
6777
6782
6783
6474
6420
6440
6462
5640
6645
4796
6796
4798
4799
6662
6651
6652
6773
6774
6785
6787
6799
6806
6798
6808
6477
6756
6607
6416
6812
6813
6802
6803
6821
6476
6825
6348
6354
6506
6291
6285
6441
6282
6789
6537
6893
6515
6301
6512
6898
6353
6899
6900
6901
6902
6903
6531
6919
6655
6690
6913
6617
6929
6533
6585
6534
6931
5637
6456
6932
